name,email,year,month,day
Test,test@email.com,1961,12,21
Zalo,zalogonking@gmail.com,1980,10,13
Gon,zalogonking@gmail.com,1980,10,14
King,zalogonking@gmail.com,1980,10,15